          0.50000000          0.71131220          0.00033019
          1.00000000          0.70575040          0.00039551
          1.50000000          0.70153541          0.00048550
          2.00000000          0.69804138          0.00053560
          2.50000000          0.69501603          0.00059345
          3.00000000          0.69240138          0.00064700
          3.50000000          0.69010704          0.00069054
          4.00000000          0.68813235          0.00073016
          4.50000000          0.68641994          0.00076762
          5.00000000          0.68481774          0.00080241
          5.50000000          0.68341129          0.00083189
          6.00000000          0.68214636          0.00086140
          6.50000000          0.68100488          0.00088843
          7.00000000          0.67996953          0.00090991
          7.50000000          0.67909153          0.00092903
          8.00000000          0.67824316          0.00095419
          8.50000000          0.67748371          0.00097745
          9.00000000          0.67680071          0.00099804
          9.50000000          0.67618205          0.00101668
         10.00000000          0.67563050          0.00103798
         10.50000000          0.67510973          0.00106363
         11.00000000          0.67459094          0.00108638
         11.50000000          0.67413423          0.00111217
         12.00000000          0.67371379          0.00113656
         12.50000000          0.67330893          0.00116028
         13.00000000          0.67291838          0.00118418
         13.50000000          0.67260220          0.00121190
         14.00000000          0.67233143          0.00123779
         14.50000000          0.67207516          0.00126557
         15.00000000          0.67185597          0.00129155
         15.50000000          0.67163162          0.00131613
         16.00000000          0.67143289          0.00134257
         16.50000000          0.67123181          0.00137095
         17.00000000          0.67105491          0.00139605
         17.50000000          0.67091035          0.00142223
         18.00000000          0.67076830          0.00144698
         18.50000000          0.67062993          0.00146973
         19.00000000          0.67049312          0.00149220
         19.50000000          0.67038812          0.00151328
         20.00000000          0.67030042          0.00153427
         20.50000000          0.67020885          0.00155410
         21.00000000          0.67012838          0.00157280
         21.50000000          0.67006292          0.00159025
         22.00000000          0.66998836          0.00160644
         22.50000000          0.66993503          0.00162303
         23.00000000          0.66988231          0.00164136
         23.50000000          0.66981280          0.00166077
         24.00000000          0.66974017          0.00167990
         24.50000000          0.66965976          0.00169651
         25.00000000          0.66957556          0.00171320
         25.50000000          0.66948494          0.00173018
         26.00000000          0.66939633          0.00174647
         26.50000000          0.66931220          0.00176409
         27.00000000          0.66922068          0.00178369
         27.50000000          0.66913417          0.00180305
         28.00000000          0.66904745          0.00182168
         28.50000000          0.66895305          0.00183981
         29.00000000          0.66885130          0.00185610
         29.50000000          0.66874786          0.00187433
         30.00000000          0.66865550          0.00189279
         30.50000000          0.66855849          0.00191132
         31.00000000          0.66846470          0.00192935
         31.50000000          0.66837309          0.00194619
         32.00000000          0.66828749          0.00196316
         32.50000000          0.66820709          0.00197945
         33.00000000          0.66813205          0.00199628
         33.50000000          0.66805781          0.00201304
         34.00000000          0.66799482          0.00203013
         34.50000000          0.66793612          0.00204780
         35.00000000          0.66785599          0.00206460
         35.50000000          0.66777427          0.00208202
         36.00000000          0.66770089          0.00209972
         36.50000000          0.66763911          0.00211524
         37.00000000          0.66756902          0.00213084
         37.50000000          0.66749008          0.00214643
         38.00000000          0.66741363          0.00216097
         38.50000000          0.66733084          0.00217457
         39.00000000          0.66724619          0.00218811
         39.50000000          0.66715886          0.00220296
         40.00000000          0.66706479          0.00221697
         40.50000000          0.66697231          0.00223003
         41.00000000          0.66688707          0.00224345
         41.50000000          0.66680977          0.00225700
         42.00000000          0.66672833          0.00227126
         42.50000000          0.66664633          0.00228648
         43.00000000          0.66656553          0.00230057
         43.50000000          0.66648722          0.00231442
         44.00000000          0.66640434          0.00232727
         44.50000000          0.66632036          0.00233947
         45.00000000          0.66624339          0.00235210
         45.50000000          0.66616933          0.00236341
         46.00000000          0.66609698          0.00237502
         46.50000000          0.66603238          0.00238657
         47.00000000          0.66596561          0.00239669
         47.50000000          0.66590785          0.00240578
         48.00000000          0.66584535          0.00241443
         48.50000000          0.66578309          0.00242317
         49.00000000          0.66572932          0.00243147
         49.50000000          0.66567468          0.00243980
         50.00000000          0.66561929          0.00244694
         50.50000000          0.66556767          0.00245322
         51.00000000          0.66551281          0.00245991
         51.50000000          0.66545526          0.00246724
         52.00000000          0.66540111          0.00247549
         52.50000000          0.66535005          0.00248426
         53.00000000          0.66529834          0.00249309
         53.50000000          0.66525053          0.00250318
         54.00000000          0.66520242          0.00251185
         54.50000000          0.66515795          0.00252220
         55.00000000          0.66511568          0.00253282
         55.50000000          0.66507814          0.00254332
         56.00000000          0.66503691          0.00255472
         56.50000000          0.66499617          0.00256587
         57.00000000          0.66496141          0.00257641
         57.50000000          0.66492505          0.00258731
         58.00000000          0.66489464          0.00259792
         58.50000000          0.66486845          0.00260842
         59.00000000          0.66484004          0.00261813
         59.50000000          0.66481805          0.00262713
         60.00000000          0.66480115          0.00263462
         60.50000000          0.66479064          0.00264195
         61.00000000          0.66477726          0.00264873
         61.50000000          0.66476644          0.00265478
         62.00000000          0.66475846          0.00266068
         62.50000000          0.66474593          0.00266735
         63.00000000          0.66473177          0.00267411
         63.50000000          0.66471811          0.00267990
         64.00000000          0.66470143          0.00268556
         64.50000000          0.66468401          0.00269208
         65.00000000          0.66466354          0.00269860
         65.50000000          0.66464687          0.00270523
         66.00000000          0.66462802          0.00271120
         66.50000000          0.66460391          0.00271693
         67.00000000          0.66457806          0.00272302
         67.50000000          0.66455161          0.00272852
         68.00000000          0.66452485          0.00273463
         68.50000000          0.66449427          0.00274054
         69.00000000          0.66446924          0.00274683
         69.50000000          0.66444674          0.00275339
         70.00000000          0.66442136          0.00276040
         70.50000000          0.66440176          0.00276682
         71.00000000          0.66437580          0.00277319
         71.50000000          0.66434718          0.00277991
         72.00000000          0.66431869          0.00278605
         72.50000000          0.66429346          0.00279220
         73.00000000          0.66426448          0.00279838
         73.50000000          0.66423822          0.00280491
         74.00000000          0.66421342          0.00281090
         74.50000000          0.66419249          0.00281715
         75.00000000          0.66417058          0.00282375
         75.50000000          0.66415454          0.00283080
         76.00000000          0.66413898          0.00283850
         76.50000000          0.66412440          0.00284715
         77.00000000          0.66411459          0.00285604
         77.50000000          0.66410689          0.00286462
         78.00000000          0.66410081          0.00287346
         78.50000000          0.66409649          0.00288263
         79.00000000          0.66409299          0.00289176
         79.50000000          0.66409143          0.00290062
         80.00000000          0.66408943          0.00290965
         80.50000000          0.66409194          0.00291869
         81.00000000          0.66409129          0.00292828
         81.50000000          0.66409073          0.00293743
         82.00000000          0.66408382          0.00294634
         82.50000000          0.66407962          0.00295534
         83.00000000          0.66407130          0.00296497
         83.50000000          0.66406456          0.00297496
         84.00000000          0.66405789          0.00298522
         84.50000000          0.66405019          0.00299545
         85.00000000          0.66404499          0.00300508
         85.50000000          0.66403583          0.00301470
         86.00000000          0.66402530          0.00302481
         86.50000000          0.66401895          0.00303493
         87.00000000          0.66401577          0.00304451
         87.50000000          0.66400850          0.00305400
         88.00000000          0.66400571          0.00306401
         88.50000000          0.66400437          0.00307388
         89.00000000          0.66400137          0.00308373
         89.50000000          0.66399708          0.00309388
         90.00000000          0.66399137          0.00310444
         90.50000000          0.66398404          0.00311542
         91.00000000          0.66397538          0.00312644
         91.50000000          0.66396629          0.00313721
         92.00000000          0.66395746          0.00314836
         92.50000000          0.66394888          0.00315940
         93.00000000          0.66394059          0.00317051
         93.50000000          0.66393277          0.00318215
         94.00000000          0.66392748          0.00319343
         94.50000000          0.66392152          0.00320479
         95.00000000          0.66391519          0.00321596
         95.50000000          0.66390720          0.00322695
         96.00000000          0.66389830          0.00323791
         96.50000000          0.66388998          0.00324877
         97.00000000          0.66388055          0.00325895
         97.50000000          0.66387076          0.00326902
         98.00000000          0.66385855          0.00327959
         98.50000000          0.66384811          0.00329100
         99.00000000          0.66383960          0.00330236
         99.50000000          0.66383448          0.00331360
        100.00000000          0.66383099          0.00332507
        100.50000000          0.66382955          0.00333635
        101.00000000          0.66382631          0.00334732
        101.50000000          0.66382291          0.00335791
        102.00000000          0.66382320          0.00336875
        102.50000000          0.66381925          0.00337977
        103.00000000          0.66381562          0.00339065
        103.50000000          0.66381708          0.00340100
        104.00000000          0.66381714          0.00341092
        104.50000000          0.66381731          0.00342110
        105.00000000          0.66381983          0.00343174
        105.50000000          0.66382126          0.00344211
        106.00000000          0.66382271          0.00345262
        106.50000000          0.66382270          0.00346309
        107.00000000          0.66382096          0.00347341
        107.50000000          0.66381831          0.00348348
        108.00000000          0.66381858          0.00349373
        108.50000000          0.66381693          0.00350401
        109.00000000          0.66381592          0.00351419
        109.50000000          0.66381263          0.00352437
        110.00000000          0.66380812          0.00353527
        110.50000000          0.66380513          0.00354668
        111.00000000          0.66380498          0.00355761
        111.50000000          0.66380467          0.00356872
        112.00000000          0.66380113          0.00357964
        112.50000000          0.66379742          0.00359006
        113.00000000          0.66379492          0.00360072
        113.50000000          0.66379218          0.00361154
        114.00000000          0.66378575          0.00362238
        114.50000000          0.66378025          0.00363332
        115.00000000          0.66377335          0.00364412
        115.50000000          0.66376524          0.00365515
        116.00000000          0.66375447          0.00366647
        116.50000000          0.66374433          0.00367809
        117.00000000          0.66373523          0.00369005
        117.50000000          0.66372649          0.00370187
        118.00000000          0.66371688          0.00371331
        118.50000000          0.66371080          0.00372512
        119.00000000          0.66370584          0.00373658
        119.50000000          0.66370132          0.00374818
        120.00000000          0.66369550          0.00375974
        120.50000000          0.66369053          0.00377139
        121.00000000          0.66368901          0.00378251
        121.50000000          0.66368494          0.00379385
        122.00000000          0.66368102          0.00380506
        122.50000000          0.66367731          0.00381651
        123.00000000          0.66367398          0.00382826
        123.50000000          0.66367058          0.00384032
        124.00000000          0.66366677          0.00385208
        124.50000000          0.66366408          0.00386450
        125.00000000          0.66366031          0.00387709
        125.50000000          0.66365381          0.00388898
        126.00000000          0.66365045          0.00390065
        126.50000000          0.66364751          0.00391229
        127.00000000          0.66364304          0.00392425
        127.50000000          0.66363721          0.00393611
        128.00000000          0.66363268          0.00394767
        128.50000000          0.66362679          0.00395886
        129.00000000          0.66362013          0.00397023
        129.50000000          0.66361118          0.00398124
        130.00000000          0.66359992          0.00399251
        130.50000000          0.66358766          0.00400372
        131.00000000          0.66357487          0.00401487
        131.50000000          0.66356098          0.00402626
        132.00000000          0.66354726          0.00403733
        132.50000000          0.66353569          0.00404812
        133.00000000          0.66352040          0.00405901
        133.50000000          0.66350347          0.00407030
        134.00000000          0.66348630          0.00408174
        134.50000000          0.66346752          0.00409331
        135.00000000          0.66344775          0.00410475
        135.50000000          0.66342915          0.00411632
        136.00000000          0.66341435          0.00412780
        136.50000000          0.66339868          0.00413908
        137.00000000          0.66337867          0.00415011
        137.50000000          0.66335915          0.00416110
        138.00000000          0.66333997          0.00417187
        138.50000000          0.66332075          0.00418260
        139.00000000          0.66330311          0.00419331
        139.50000000          0.66328479          0.00420385
        140.00000000          0.66326524          0.00421453
        140.50000000          0.66324447          0.00422509
        141.00000000          0.66322412          0.00423606
        141.50000000          0.66320348          0.00424668
        142.00000000          0.66318445          0.00425682
        142.50000000          0.66316599          0.00426696
        143.00000000          0.66314635          0.00427697
        143.50000000          0.66312769          0.00428713
        144.00000000          0.66311222          0.00429735
        144.50000000          0.66309943          0.00430763
        145.00000000          0.66308595          0.00431774
        145.50000000          0.66307425          0.00432768
        146.00000000          0.66306287          0.00433746
        146.50000000          0.66305357          0.00434716
        147.00000000          0.66304378          0.00435695
        147.50000000          0.66303230          0.00436669
        148.00000000          0.66302217          0.00437658
        148.50000000          0.66301041          0.00438634
        149.00000000          0.66299660          0.00439573
        149.50000000          0.66298324          0.00440485
        150.00000000          0.66296947          0.00441446
        150.50000000          0.66295387          0.00442391
        151.00000000          0.66293628          0.00443317
        151.50000000          0.66291525          0.00444255
        152.00000000          0.66289448          0.00445206
        152.50000000          0.66287538          0.00446226
        153.00000000          0.66285652          0.00447238
        153.50000000          0.66283894          0.00448274
        154.00000000          0.66281881          0.00449342
        154.50000000          0.66280115          0.00450399
        155.00000000          0.66278431          0.00451413
        155.50000000          0.66276673          0.00452446
        156.00000000          0.66274801          0.00453482
        156.50000000          0.66272931          0.00454499
        157.00000000          0.66270698          0.00455510
        157.50000000          0.66268300          0.00456519
        158.00000000          0.66265702          0.00457516
        158.50000000          0.66262898          0.00458515
        159.00000000          0.66260196          0.00459471
        159.50000000          0.66257771          0.00460393
        160.00000000          0.66255546          0.00461301
        160.50000000          0.66253152          0.00462185
        161.00000000          0.66250873          0.00463058
        161.50000000          0.66248695          0.00463922
        162.00000000          0.66246567          0.00464782
        162.50000000          0.66244447          0.00465644
        163.00000000          0.66242196          0.00466515
        163.50000000          0.66239933          0.00467405
        164.00000000          0.66237713          0.00468265
        164.50000000          0.66235317          0.00469133
        165.00000000          0.66232942          0.00469993
        165.50000000          0.66230193          0.00470822
        166.00000000          0.66227471          0.00471633
        166.50000000          0.66224856          0.00472421
        167.00000000          0.66222297          0.00473214
        167.50000000          0.66219870          0.00474006
        168.00000000          0.66217521          0.00474785
        168.50000000          0.66215210          0.00475565
        169.00000000          0.66212940          0.00476362
        169.50000000          0.66210970          0.00477159
        170.00000000          0.66209239          0.00477947
        170.50000000          0.66207642          0.00478720
        171.00000000          0.66205992          0.00479498
        171.50000000          0.66204208          0.00480237
        172.00000000          0.66202513          0.00481008
        172.50000000          0.66200798          0.00481784
        173.00000000          0.66199072          0.00482558
        173.50000000          0.66197213          0.00483319
        174.00000000          0.66195383          0.00484123
        174.50000000          0.66193986          0.00484921
        175.00000000          0.66192744          0.00485752
        175.50000000          0.66191408          0.00486570
        176.00000000          0.66190291          0.00487409
        176.50000000          0.66189302          0.00488246
        177.00000000          0.66188283          0.00489092
        177.50000000          0.66187283          0.00489908
        178.00000000          0.66185991          0.00490711
        178.50000000          0.66184815          0.00491524
        179.00000000          0.66183693          0.00492336
        179.50000000          0.66182679          0.00493152
        180.00000000          0.66181644          0.00493942
        180.50000000          0.66180790          0.00494724
        181.00000000          0.66180050          0.00495495
        181.50000000          0.66179156          0.00496245
        182.00000000          0.66178288          0.00496975
        182.50000000          0.66177303          0.00497702
        183.00000000          0.66176481          0.00498441
        183.50000000          0.66175709          0.00499180
        184.00000000          0.66174648          0.00499906
        184.50000000          0.66173535          0.00500652
        185.00000000          0.66172589          0.00501370
        185.50000000          0.66171781          0.00502112
        186.00000000          0.66170857          0.00502870
        186.50000000          0.66170071          0.00503636
        187.00000000          0.66169336          0.00504405
        187.50000000          0.66168677          0.00505163
        188.00000000          0.66167901          0.00505919
        188.50000000          0.66167236          0.00506693
        189.00000000          0.66166808          0.00507457
        189.50000000          0.66166397          0.00508188
        190.00000000          0.66166189          0.00508906
        190.50000000          0.66166012          0.00509584
        191.00000000          0.66166039          0.00510286
        191.50000000          0.66166120          0.00510998
        192.00000000          0.66166223          0.00511728
        192.50000000          0.66166416          0.00512444
        193.00000000          0.66166506          0.00513167
        193.50000000          0.66166433          0.00513874
        194.00000000          0.66166356          0.00514599
        194.50000000          0.66166304          0.00515295
        195.00000000          0.66166016          0.00515999
        195.50000000          0.66165607          0.00516707
        196.00000000          0.66165237          0.00517425
        196.50000000          0.66164973          0.00518139
        197.00000000          0.66164570          0.00518844
        197.50000000          0.66164461          0.00519535
        198.00000000          0.66164191          0.00520216
        198.50000000          0.66163792          0.00520911
        199.00000000          0.66163547          0.00521606
        199.50000000          0.66163397          0.00522309
        200.00000000          0.66163193          0.00523005
        200.50000000          0.66163076          0.00523710
        201.00000000          0.66162949          0.00524434
        201.50000000          0.66162795          0.00525127
        202.00000000          0.66162821          0.00525838
        202.50000000          0.66162860          0.00526551
        203.00000000          0.66163004          0.00527271
        203.50000000          0.66163125          0.00527983
        204.00000000          0.66163355          0.00528700
        204.50000000          0.66163740          0.00529435
        205.00000000          0.66164203          0.00530166
        205.50000000          0.66164650          0.00530905
        206.00000000          0.66165049          0.00531626
        206.50000000          0.66165199          0.00532360
        207.00000000          0.66165262          0.00533089
        207.50000000          0.66165398          0.00533824
        208.00000000          0.66165645          0.00534514
        208.50000000          0.66165924          0.00535207
        209.00000000          0.66166324          0.00535921
        209.50000000          0.66166845          0.00536633
        210.00000000          0.66167010          0.00537329
        210.50000000          0.66167069          0.00538009
        211.00000000          0.66167271          0.00538680
        211.50000000          0.66167463          0.00539347
        212.00000000          0.66167589          0.00540029
        212.50000000          0.66167773          0.00540729
        213.00000000          0.66167887          0.00541444
        213.50000000          0.66168004          0.00542141
        214.00000000          0.66168037          0.00542868
        214.50000000          0.66167925          0.00543587
        215.00000000          0.66167962          0.00544292
        215.50000000          0.66168045          0.00544997
        216.00000000          0.66168144          0.00545688
        216.50000000          0.66168417          0.00546366
        217.00000000          0.66168659          0.00547046
        217.50000000          0.66168991          0.00547714
        218.00000000          0.66169355          0.00548368
        218.50000000          0.66169688          0.00548998
        219.00000000          0.66170029          0.00549633
        219.50000000          0.66170226          0.00550272
        220.00000000          0.66170569          0.00550922
        220.50000000          0.66170817          0.00551550
        221.00000000          0.66170798          0.00552198
        221.50000000          0.66170849          0.00552840
        222.00000000          0.66170783          0.00553497
        222.50000000          0.66170738          0.00554140
        223.00000000          0.66170469          0.00554802
        223.50000000          0.66170031          0.00555460
        224.00000000          0.66169594          0.00556102
        224.50000000          0.66169038          0.00556757
        225.00000000          0.66168558          0.00557403
        225.50000000          0.66168226          0.00558036
        226.00000000          0.66167970          0.00558675
        226.50000000          0.66167698          0.00559314
        227.00000000          0.66167477          0.00559970
        227.50000000          0.66167448          0.00560641
        228.00000000          0.66167585          0.00561279
        228.50000000          0.66167663          0.00561908
        229.00000000          0.66167792          0.00562535
        229.50000000          0.66167860          0.00563162
        230.00000000          0.66167947          0.00563777
        230.50000000          0.66167947          0.00564388
        231.00000000          0.66168094          0.00565003
        231.50000000          0.66168237          0.00565609
        232.00000000          0.66168441          0.00566218
        232.50000000          0.66168631          0.00566821
        233.00000000          0.66168833          0.00567437
        233.50000000          0.66168934          0.00568083
        234.00000000          0.66168999          0.00568724
        234.50000000          0.66168967          0.00569377
        235.00000000          0.66168881          0.00570023
        235.50000000          0.66168804          0.00570672
        236.00000000          0.66168781          0.00571318
        236.50000000          0.66168817          0.00571967
        237.00000000          0.66168968          0.00572610
        237.50000000          0.66169136          0.00573262
        238.00000000          0.66169227          0.00573897
        238.50000000          0.66169167          0.00574535
        239.00000000          0.66169184          0.00575163
        239.50000000          0.66169310          0.00575796
        240.00000000          0.66169546          0.00576433
        240.50000000          0.66169610          0.00577060
        241.00000000          0.66169624          0.00577688
        241.50000000          0.66169742          0.00578306
        242.00000000          0.66169934          0.00578926
        242.50000000          0.66170072          0.00579546
        243.00000000          0.66170236          0.00580152
        243.50000000          0.66170409          0.00580745
        244.00000000          0.66170599          0.00581341
        244.50000000          0.66170728          0.00581896
        245.00000000          0.66170864          0.00582441
        245.50000000          0.66171179          0.00582987
        246.00000000          0.66171409          0.00583534
        246.50000000          0.66171645          0.00584075
        247.00000000          0.66171783          0.00584618
        247.50000000          0.66172000          0.00585183
        248.00000000          0.66172236          0.00585753
        248.50000000          0.66172308          0.00586350
        249.00000000          0.66172481          0.00586952
        249.50000000          0.66172703          0.00587540
        250.00000000          0.66173015          0.00588140
